size = 100
population_density = 0.8;
birth_rate = 0.032;
iterations = 1;
death_rate = 0.003;
pass = 240;
p_transmission = 0.5;
i_to_n_time = 18;
i_to_l = 0.2;
i_to_l_time  = 36;
i_to_h = 0.0084;
l_to_n_time = 72;
l_to_h_time = 72;
h_to_l = 0.35;
h_to_l_time = 72;
h_to_l_frac = 0.5 ;
h_to_c = 0.4 ;
h_to_c_time = 120;
r_to_n = 7.5;
r_to_n_time = 12;
c_to_d  = 0.11;
c_to_d_time = 60;
calib_factor = 3.0;
activity = [    15.0, 3.50, 1.34, 0.48, 17.5, 0.96, 0.38, 0.14, 15.0, 0.67, 0.21, 0.08, 7.5, 0.45, 0.08, 0.04];

age_dist = [	0.015, 0.03, 0.135, 0.82, 0.015, 0.025, 0.34, 0.62, 0.01, 0.02, 0.21, 0.76, 0.005, 0.01, 0.09, 0.895 ];
age_ratio =[0.0330295235,0.031412369,0.0268045855,0.0351416927,0.0272029458,0.0380027103,0.0256601393,0.0302467764,0.0257502447,0.026584923,0.0365521579,0.0265165182,0.0221577958,0.0309851805,0.019793276,0.0401199726,0.0181062173,0.0239373068,0.0180788342,0.0190967383,0.0363604164,0.0210789621,0.016046193,0.0254826639,0.0157178673,0.036277884,0.0146561083,0.0177206997,0.0132160327,0.0129086987,0.0303894831,0.0142800109,0.0106158107,0.0165179779,0.0101754997,0.0273887956,0.0096765301,0.0099592489,0.0075588005,0.0085055836,0.0212909564,0.0092491216,0.0061378667,0.0099048195,0.0069014755,0.0248097961,0.0079624929,0.0077499771,0.0054785181,0.0055057518,0.0183255728070117] 
asir = [0.1,0.1,0.12,0.15,0.17,0.15,0.12,0.1,0.1,0.05,0.05,0.05,0.05,0.05,0.05,0.01,0.01,0.01,0.01,0.01,0.01,0.01,0.01,0.01,0.01,0.01,0.01,0.01,0.01,0.01,0.01,0.01,0.01,0.01,0.01,0.005,0.005,0.005,0.005,0.005,0.005,0.005,0.005,0.005,0.005,0.005,0.005,0.005,0.005,0.005,0.005,0.005];
i_to_n = [0.7,0.7,0.7,0.7,0.7,0.7,0.7,0.7,0.7,0.7,0.5,0.5,0.5,0.5,0.5,0.15,0.15,0.15,0.15,0.15,0.15,0.15,0.15,0.15,0.15,0.15,0.15,0.15,0.15,0.15,0.15,0.15,0.15,0.15,0.15,0.15,0.15,0.15,0.15,0.15,0.15,0.15,0.15,0.15,0.15,0.15,0.15,0.15,0.15,0.15,0.15,0.15];
l_to_n = [0.65,0.65,0.65,0.65,0.65,0.65,0.65,0.65,0.65,0.65,0.65,0.65,0.65,0.65,0.65,0.65,0.65,0.65,0.65,0.65,0.4,0.4,0.4,0.4,0.4,0.4,0.4,0.4,0.4,0.4,0.4,0.4,0.4,0.4,0.4,0.4,0.4,0.4,0.4,0.4,0.4,0.4,0.4,0.4,0.4,0.4,0.4,0.4,0.4,0.4,0.4,0.4];
l_to_h = [0.1,0.1,0.1,0.1,0.1,0.1,0.1,0.1,0.1,0.1,0.1,0.1,0.1,0.1,0.1,0.1,0.1,0.1,0.1,0.1,0.35,0.35,0.35,0.35,0.35,0.35,0.35,0.35,0.35,0.35,0.35,0.35,0.35,0.35,0.35,0.35,0.35,0.35,0.35,0.35,0.35,0.35,0.35,0.35,0.35,0.35,0.35,0.35,0.35,0.35,0.35,0.35];
