size = 100
population_density = 0.5;
birth_rate = 0.09;
iterations = 1;
death_rate = 0.08;
pass = 240;
p_transmission = 0.5;
i_to_n_time = 18;
i_to_l = 0.2;
i_to_l_time  = 36;
i_to_h = 0.1;
l_to_n_time = 72;
l_to_h_time = 72;
h_to_l = 0.35;
h_to_l_time = 72;
h_to_l_frac = 0.5 ;
h_to_c = 0.4 ;
h_to_c_time = 120;
r_to_n = 7.5;
r_to_n_time = 12;
c_to_d  = 0.11;
c_to_d_time = 60;
calib_factor = 1.0;
activity = [    15.0, 3.50, 1.34, 0.48, 17.5, 0.96, 0.38, 0.14, 15.0, 0.67, 0.21, 0.08, 7.5, 0.45, 0.08, 0.04];

age_dist = [	0.015, 0.03, 0.135, 0.82, 0.015, 0.025, 0.34, 0.62, 0.01, 0.02, 0.21, 0.76, 0.005, 0.01, 0.09, 0.895 ];
age_ratio = [ 0.0196078431,0.0196078431,0.0196078431,0.0196078431,0.0196078431,0.0196078431,0.0196078431,0.0196078431,0.0196078431,0.0196078431,0.0196078431,0.0196078431,0.0196078431,0.0196078431,0.0196078431,0.0196078431,0.0196078431,0.0196078431,0.0196078431,0.0196078431,0.0196078431,0.0196078431,0.0196078431,0.0196078431,0.0196078431,0.0196078431,0.0196078431,0.0196078431,0.0196078431,0.0196078431,0.0196078431,0.0196078431,0.0196078431,0.0196078431,0.0196078431,0.0196078431,0.0196078431,0.0196078431,0.0196078431,0.0196078431,0.0196078431,0.0196078431,0.0196078431,0.0196078431,0.0196078431,0.0196078431,0.0196078431,0.0196078431,0.0196078431,0.0196078431,0.0196078431 ];
asir = [0.1,0.1,0.12,0.15,0.17,0.15,0.12,0.1,0.1,0.05,0.05,0.05,0.05,0.05,0.05,0.01,0.01,0.01,0.01,0.01,0.01,0.01,0.01,0.01,0.01,0.01,0.01,0.01,0.01,0.01,0.01,0.01,0.01,0.01,0.01,0.005,0.005,0.005,0.005,0.005,0.005,0.005,0.005,0.005,0.005,0.005,0.005,0.005,0.005,0.005,0.005,0.005];
i_to_n = [0.7,0.7,0.7,0.7,0.7,0.7,0.7,0.7,0.7,0.7,0.5,0.5,0.5,0.5,0.5,0.15,0.15,0.15,0.15,0.15,0.15,0.15,0.15,0.15,0.15,0.15,0.15,0.15,0.15,0.15,0.15,0.15,0.15,0.15,0.15,0.15,0.15,0.15,0.15,0.15,0.15,0.15,0.15,0.15,0.15,0.15,0.15,0.15,0.15,0.15,0.15,0.15];
l_to_n = [0.65,0.65,0.65,0.65,0.65,0.65,0.65,0.65,0.65,0.65,0.65,0.65,0.65,0.65,0.65,0.65,0.65,0.65,0.65,0.65,0.4,0.4,0.4,0.4,0.4,0.4,0.4,0.4,0.4,0.4,0.4,0.4,0.4,0.4,0.4,0.4,0.4,0.4,0.4,0.4,0.4,0.4,0.4,0.4,0.4,0.4,0.4,0.4,0.4,0.4,0.4,0.4];
l_to_h = [0.1,0.1,0.1,0.1,0.1,0.1,0.1,0.1,0.1,0.1,0.1,0.1,0.1,0.1,0.1,0.1,0.1,0.1,0.1,0.1,0.35,0.35,0.35,0.35,0.35,0.35,0.35,0.35,0.35,0.35,0.35,0.35,0.35,0.35,0.35,0.35,0.35,0.35,0.35,0.35,0.35,0.35,0.35,0.35,0.35,0.35,0.35,0.35,0.35,0.35,0.35,0.35];
